Sample,B. thetaiotaomicron,B. uniformis,E. rectale,L. gasseri,R. torques,S. salivariusMarty1081,15.84641726,17.72822179,52.34552246,0.89697414,0.021735887,13.16112846Marty10810,21.07550096,0.0128186,55.62246844,0.821909631,0.025067484,22.44223489Marty10811,22.11942387,0.014474648,53.57549756,0.656184048,0.020371727,23.61404815Marty10812,18.41258641,0.011742338,62.52559873,0.61999542,0.020875267,18.40920183Marty1082,12.67077016,14.36266151,61.16939974,0.746345286,0.020149115,11.03067419Marty1083,14.56265,16.15532047,55.77510232,0.733091702,0.018570477,12.75526503Marty1084,23.48255985,0.028929494,56.25673909,1.949732507,0.028270132,18.25376893Marty1085,20.27777078,0.012530855,60.95007986,2.080678896,0.024597605,16.654342Marty1086,23.34562519,0.018218729,55.96793574,1.757769972,0.02572552,18.88472484Marty1087,14.22122988,19.65727106,48.73860912,0.622529358,0.018551643,16.74180894Marty1088,11.12660054,16.59910257,57.25958014,0.58707022,0.013049263,14.41459727Marty1089,14.24956297,20.01503113,46.58043608,0.731335349,0.017580177,18.40605429Marty1281,20.05730332,19.12798807,48.44075008,0.713444012,0.017868887,11.64264563Marty12810,48.36811546,0.041147015,1.170403994,0.333240026,0.002201281,50.08489222Marty12811,50.82910519,0.028732506,0.919440184,0.448368978,0.001773611,47.77257954Marty12812,50.49930731,0.015102816,1.288773666,0.337109778,0.000559364,47.85914706Marty1282,20.11472579,20.87327857,45.65143772,0.89010549,0.023878401,12.44657403Marty1283,19.05920582,20.44385924,47.8766296,0.914981724,0.022241802,11.68308181Marty1284,27.13361792,0.020726753,52.11297999,2.634600655,0.026100356,18.07197432Marty1285,31.55490406,0.023574574,46.1253379,2.096515553,0.022826175,20.17684174Marty1286,26.56263923,0.010475901,49.837354,1.897560772,0.022115791,21.66985431Marty1287,23.47746915,45.72763486,0,0.129785555,0.000426926,30.66468351Marty1288,23.16644631,44.63238435,0.200679542,0.104985131,0.000464536,31.89504014Marty1289,23.59633813,43.82543947,0.273561702,0.130448404,0.000316622,32.17389568Marty1481,21.52759019,19.30072796,49.10279008,1.021968918,0.043671736,9.003251115Marty14810,53.06612607,0.050706838,0,0.036058196,0,46.84710889Marty14811,48.6377136,0.023192269,0.247384204,0.037794809,0,51.05391512Marty14812,48.05926017,0.024287662,0.777205191,0.035981722,0.000224886,51.10304037Marty1482,22.94580712,24.4835654,42.30421667,1.020001669,0.036624484,9.209784652Marty1483,20.62603294,21.54988863,49.19965278,0.859168747,0.037931781,7.727325125Marty1484,23.08669503,0.004190437,54.44216221,1.528423228,0.030419471,20.90810962Marty1485,23.87176461,0.009202969,51.5366248,2.204622283,0.030250499,22.34753484Marty1486,24.06814436,0.006491635,52.90249922,1.559915898,0.038308662,21.42464022Marty1487,14.57491293,53.91414347,0.327496695,0.018194261,0,31.16525265Marty1488,15.76293522,52.59230127,0.192249673,0.015130761,0.000111256,31.43727182Marty1489,14.62262485,51.53237722,0,0.026918403,0,33.81807953Marty1681,25.68024776,26.77087424,33.34108524,1.29687969,0.085900659,12.82501241Marty16810,48.5672758,0.311433854,0,0.024133905,0,51.09715645Marty16811,50.64614298,0.043004534,0.2502082,0.027800911,0.000144796,49.03269857Marty16812,49.75040382,0.019586526,0.626768845,0.021762807,0,49.58147801Marty1682,25.19954725,27.9251924,34.64157091,1.572152671,0.092424205,10.56911257Marty1683,25.3368333,30.10702725,31.05715487,1.216781487,0.067356347,12.21484674Marty1684,31.76544071,0.021332074,43.68808794,2.546235271,0.065819477,21.91308453Marty1685,35.32505047,0.018077544,34.2130439,2.504457253,0.052128369,27.88724246Marty1686,34.08107541,0.010656019,39.78247197,1.263988064,0.039861405,24.82194713Marty1687,13.2416846,57.31931138,0.255907634,0,0.000148095,29.1829483Marty1688,13.59347931,57.11417471,0,0.006356846,0,29.28598913Marty1689,16.46711065,50.25251147,5.745196024,0.161716629,0.014628971,27.35883625Marty1881,35.73328824,39.6533565,1.002692539,0.635967027,0.002514468,22.97218122Marty18810,53.35600642,0.050149639,0,0.046063372,0,46.54778057Marty18811,53.60446483,0.016530112,1.410569571,0.03101947,0,44.93741602Marty18812,51.34212281,0.052206156,0,0.051046019,0.000580068,48.55404495Marty1882,21.83364196,24.47099895,35.78957794,0.980270097,0.005438231,16.92007281Marty1883,23.38731544,26.70346664,32.53167296,0.960991918,0.026634794,16.38991825Marty1884,30.51723534,0.011422033,41.18023613,0.574203928,0.024254193,27.69264838Marty1885,22.27483801,0.01016841,51.41148191,1.001776707,0.039637969,25.26209699Marty1886,20.81963023,0.012077024,55.34175545,0.811576023,0.042493233,22.97246803Marty1887,14.25909635,55.15733937,0.244396962,0.002262935,0,30.33690438Marty1888,13.39269236,58.96770061,0.396608989,0.003672305,0,27.23932573Marty1889,10.4685425,31.82963596,41.08373257,0.038250083,0.000261987,16.5795769Marty881_a,1.193186946,0.000753214,97.97804084,0.407442128,0.019532413,0.401044461Marty881Plus_a,0.902346008,1.386810291,97.04245394,0.318623159,0.0181621,0.331604505Marty882_a,1.188998607,0.00097424,97.9020056,0.487408557,0.019514865,0.401098128Marty882Plus_a,1.081646078,1.759482303,96.26331405,0.429862649,0.019333601,0.44636132Marty883_a,1.215178032,0.026296609,97.95604143,0.408835038,0.021439274,0.372209612Marty883Plus_a,0.893631634,1.503839254,96.76444518,0.421518556,0.016612663,0.399952713Marty88Bt,99.66552252,0.078757778,0.240023704,0.002222442,0.000138903,0.01333465Marty88Bu,0.133341881,99.86139684,0,0,0,0.00526128Marty88Er,0.000237001,0.000115723,99.99940512,0.000145725,2.14E-06,9.43E-05Marty88Lg,0.038096473,0.006764288,2.164572313,97.75449072,0,0.036076205Marty88Rt,0.773174672,0.828123074,12.47055923,0.101034623,85.13429955,0.692808846Marty88Ss,0.541867661,0.899818097,22.67728095,0.081503385,0.00414424,75.79538567Marty881_b,1.193186946,0.000753214,97.97804084,0.407442128,0.019532413,0.401044461Marty881Plus_b,0.902346008,1.386810291,97.04245394,0.318623159,0.0181621,0.331604505Marty882_b,1.188998607,0.00097424,97.9020056,0.487408557,0.019514865,0.401098128Marty882Plus_b,1.081646078,1.759482303,96.26331405,0.429862649,0.019333601,0.44636132Marty883_b,1.215178032,0.026296609,97.95604143,0.408835038,0.021439274,0.372209612Marty883Plus_b,0.893631634,1.503839254,96.76444518,0.421518556,0.016612663,0.399952713